---
jekyll/_assets/img/mascot.png: 2017-03-24 03:05:45.726166727 +00:00
jekyll/_assets/img/logo.png: 2017-03-24 03:05:47.529500078 +00:00
jekyll/favicon.png: 2017-03-24 03:05:47.589500079 +00:00
jekyll/assets/ng-quiz-app-fb.png: 2017-03-24 03:06:09.992833640 +00:00
jekyll/_assets/img/welcome-bg.jpg: 2017-01-22 02:42:44.625070029 +00:00
jekyll/assets/best-programming-lang-gp.jpg: 2017-03-24 03:06:17.962833722 +00:00
jekyll/assets/social.jpg: 2017-03-24 03:06:18.002833722 +00:00
jekyll/assets/ng-quiz-app-twitter.jpg: 2017-03-24 03:06:18.029500390 +00:00
jekyll/assets/best-programming-lang-twitter.jpg: 2017-03-24 03:06:18.079500390 +00:00
jekyll/assets/best-programming-lang-fb.jpg: 2017-03-24 03:06:18.116167057 +00:00
jekyll/_assets/img/tag.svg: 2017-01-22 02:42:44.625070029 +00:00
jekyll/assets/fonts/videogular.dev.svg: 2017-02-23 21:04:10.520285967 +00:00
jekyll/assets/fonts/videogular.svg: 2017-02-23 21:04:10.520285967 +00:00
